Name,Rating,Date,Review,Place_Name,Address,Phone,Website,Place_Rating,Total_Reviews,Categories,Latitude,Longitude
Hiroyuki,3,8 か月前,"[大蕨の棚田]

山辺町の中山間地域大蕨地区にある棚田

日本の棚田100選

はっきりとした記録は残っていないが、1636年の領地目録等に記録が残っている。
また、平坦な耕地が少ない大蕨地区では新田の開発・開墾のため山の斜面へ棚田の整備が行われていたと考えられている。
1999年には16ヘクタールの棚田のうち、3.4ヘクタールの棚田が農林水産省から「日本の棚田百選」に選ばれた。
選ばれた理由には山の緑を背にして黄金色の稲杭が規則正しく並んだ景観の素晴らしさや、地元の農家やボランティアなどの人の手で稲の杭掛けをし、天日干しをしていることなどが挙げられる。
大蕨地区の地形的条件にあわせたお米の品種「里のゆき」などを選んで作付けしている。

かなりなだらかな形状の棚田。
近くを通った際に立ち寄るとよい。

おすすめ度:★☆☆☆☆

2021.05.11",大蕨の棚田,"
〒990-0341 山形県山辺町大蕨","
023-667-1106",https://yamanobekanko.com/,"4.1
(64)",Unknown,〒990-0341 山形県山辺町大蕨,38.286312,140.1998801
Hiroyuki,3,8 か月前,"[大蕨の棚田]

山辺町の中山間地域大蕨地区にある棚田

日本の棚田100選

はっきりとした記録は残っていないが、1636年の領地目録等に記録が残っている。
また、平坦な耕地が少ない大蕨地区では新田の開発・開墾のため山の斜面へ棚田の整備が行われていたと考えられている。
1999年には16ヘクタールの棚田のうち、3.4ヘクタールの棚田が農林水産省から「日本の棚田百選」に選ばれた。
選ばれた理由には山の緑を背にして黄金色の稲杭が規則正しく並んだ景観の素晴らしさや、地元の農家やボランティアなどの人の手で稲の杭掛けをし、天日干しをしていることなどが挙げられる。
大蕨地区の地形的条件にあわせたお米の品種「里のゆき」などを選んで作付けしている。

かなりなだらかな形状の棚田。
近くを通った際に立ち寄るとよい。

おすすめ度:★☆☆☆☆

2021.05.11",大蕨の棚田,"
〒990-0341 山形県山辺町大蕨","
023-667-1106",https://yamanobekanko.com/,"4.1
(64)",Unknown,〒990-0341 山形県山辺町大蕨,38.286312,140.1998801
幌太札郎,3,1 年前,"18号線で山形市内から朝日町方面へ抜ける際に目にする棚田。

この辺りや白鷹町近辺の「●●棚田」は勾配がゆるやかで、山中に存在する棚田の様に　小さな池がたくさん　的な造りではない。ゆるやかな斜面に25mプールレベルの大きな水田が並んでいる、といった感じ。

いかにもな棚田的風景を求めるよりも、夏期のライトアップされている夜景目当てでの来訪がおすすめ。",大蕨の棚田,"
〒990-0341 山形県山辺町大蕨","
023-667-1106",https://yamanobekanko.com/,"4.1
(64)",Unknown,〒990-0341 山形県山辺町大蕨,38.286312,140.1998801
幌太札郎,3,1 年前,"18号線で山形市内から朝日町方面へ抜ける際に目にする棚田。

この辺りや白鷹町近辺の「●●棚田」は勾配がゆるやかで、山中に存在する棚田の様に　小さな池がたくさん　的な造りではない。ゆるやかな斜面に25mプールレベルの大きな水田が並んでいる、といった感じ。

いかにもな棚田的風景を求めるよりも、夏期のライトアップされている夜景目当てでの来訪がおすすめ。",大蕨の棚田,"
〒990-0341 山形県山辺町大蕨","
023-667-1106",https://yamanobekanko.com/,"4.1
(64)",Unknown,〒990-0341 山形県山辺町大蕨,38.286312,140.1998801
目黒浩文,3,1 年前,"山形県東村山郡山辺町大蕨地区の「大蕨の棚田」です。
1999年(平成11年)に農林水産省が日本の棚田百選に山形県から３ヶ所認定され、その１ヶ所の「大蕨(おおわらび)の棚」と認定されました。
いつから棚田があるか詳しくはわからないが、1636年(寛永13年)の領地目録等に記録が残っています。(山野辺町のホームページより)
平地が少ない大蕨地区では山の斜面への棚田整備が早くからされていたのでしょう。今では地区内外の多くの方に支えられながら棚田の維持や保全活動に取り組んでいます。山野辺の景勝地として長く残して欲しいですね。",大蕨の棚田,"
〒990-0341 山形県山辺町大蕨","
023-667-1106",https://yamanobekanko.com/,"4.1
(64)",Unknown,〒990-0341 山形県山辺町大蕨,38.286312,140.1998801
目黒浩文,3,1 年前,"山形県東村山郡山辺町大蕨地区の「大蕨の棚田」です。
1999年(平成11年)に農林水産省が日本の棚田百選に山形県から３ヶ所認定され、その１ヶ所の「大蕨(おおわらび)の棚」と認定されました。
いつから棚田があるか詳しくはわからないが、1636年(寛永13年)の領地目録等に記録が残っています。(山野辺町のホームページより)
平地が少ない大蕨地区では山の斜面への棚田整備が早くからされていたのでしょう。今では地区内外の多くの方に支えられながら棚田の維持や保全活動に取り組んでいます。山野辺の景勝地として長く残して欲しいですね。",大蕨の棚田,"
〒990-0341 山形県山辺町大蕨","
023-667-1106",https://yamanobekanko.com/,"4.1
(64)",Unknown,〒990-0341 山形県山辺町大蕨,38.286312,140.1998801
岡崎光晴（3286）,4,6 年前,10月初めの稲刈りシーズンは、まるで日本昔話のようです。付近では、ここから車で15分くらいで、朝日町の『りんご温泉』、或いは、土日のみの営業ですが、山辺町畑谷のそば屋さん『弁天』を楽しめます。秋は、近くの#玉虫湖 の#紅葉 が綺麗です。,大蕨の棚田,"
〒990-0341 山形県山辺町大蕨","
023-667-1106",https://yamanobekanko.com/,"4.1
(64)",Unknown,〒990-0341 山形県山辺町大蕨,38.286312,140.1998801
岡崎光晴（3286）,4,6 年前,10月初めの稲刈りシーズンは、まるで日本昔話のようです。付近では、ここから車で15分くらいで、朝日町の『りんご温泉』、或いは、土日のみの営業ですが、山辺町畑谷のそば屋さん『弁天』を楽しめます。秋は、近くの#玉虫湖 の#紅葉 が綺麗です。,大蕨の棚田,"
〒990-0341 山形県山辺町大蕨","
023-667-1106",https://yamanobekanko.com/,"4.1
(64)",Unknown,〒990-0341 山形県山辺町大蕨,38.286312,140.1998801
テイラースイフト,4,1 年前,"2023.07.09
これまで自由気ままな一人旅を敢行してきたが、結婚記念月にあたるこの月だけは夫婦2人で。
「山形・空気神社」の訪問をベースに山形の自然と歴史を満喫する夫婦旅。

名水・龍神水からほどなく、移動ルートからちょっと寄り道で訪問。

強めの通り雨もあり、外での見学を回避し、車中から眺めるのみとなる。

近くには味のある水車も青々とした田園に映えていた。",大蕨の棚田,"
〒990-0341 山形県山辺町大蕨","
023-667-1106",https://yamanobekanko.com/,"4.1
(64)",Unknown,〒990-0341 山形県山辺町大蕨,38.286312,140.1998801
テイラースイフト,4,1 年前,"2023.07.09
これまで自由気ままな一人旅を敢行してきたが、結婚記念月にあたるこの月だけは夫婦2人で。
「山形・空気神社」の訪問をベースに山形の自然と歴史を満喫する夫婦旅。

名水・龍神水からほどなく、移動ルートからちょっと寄り道で訪問。

強めの通り雨もあり、外での見学を回避し、車中から眺めるのみとなる。

近くには味のある水車も青々とした田園に映えていた。",大蕨の棚田,"
〒990-0341 山形県山辺町大蕨","
023-667-1106",https://yamanobekanko.com/,"4.1
(64)",Unknown,〒990-0341 山形県山辺町大蕨,38.286312,140.1998801
noriyo oba,5,6 か月前,案山子もあり情緒ある場所です。,大蕨の棚田,"
〒990-0341 山形県山辺町大蕨","
023-667-1106",https://yamanobekanko.com/,"4.1
(64)",Unknown,〒990-0341 山形県山辺町大蕨,38.286312,140.1998801
noriyo oba,5,6 か月前,案山子もあり情緒ある場所です。,大蕨の棚田,"
〒990-0341 山形県山辺町大蕨","
023-667-1106",https://yamanobekanko.com/,"4.1
(64)",Unknown,〒990-0341 山形県山辺町大蕨,38.286312,140.1998801
鈴木よし子,4,1 年前,稲ぐいが、沢山並び秋の風物詩です。ライトアップもやっています。,大蕨の棚田,"
〒990-0341 山形県山辺町大蕨","
023-667-1106",https://yamanobekanko.com/,"4.1
(64)",Unknown,〒990-0341 山形県山辺町大蕨,38.286312,140.1998801
鈴木よし子,4,1 年前,稲ぐいが、沢山並び秋の風物詩です。ライトアップもやっています。,大蕨の棚田,"
〒990-0341 山形県山辺町大蕨","
023-667-1106",https://yamanobekanko.com/,"4.1
(64)",Unknown,〒990-0341 山形県山辺町大蕨,38.286312,140.1998801
天野宏典,5,2 年前,秋の稲刈り後の棚田も綺麗でした。夜はイルミネーションが秋風に揺れて綺麗なのでしょうが、お昼でした。菊をくれた叔父さんありがとう。,大蕨の棚田,"
〒990-0341 山形県山辺町大蕨","
023-667-1106",https://yamanobekanko.com/,"4.1
(64)",Unknown,〒990-0341 山形県山辺町大蕨,38.286312,140.1998801
天野宏典,5,2 年前,秋の稲刈り後の棚田も綺麗でした。夜はイルミネーションが秋風に揺れて綺麗なのでしょうが、お昼でした。菊をくれた叔父さんありがとう。,大蕨の棚田,"
〒990-0341 山形県山辺町大蕨","
023-667-1106",https://yamanobekanko.com/,"4.1
(64)",Unknown,〒990-0341 山形県山辺町大蕨,38.286312,140.1998801
水野大樹,5,2 年前,"今の時期だけ杭掛けにライトがついています。
周りも街頭が少ないためきれいな風景が広がっています。
稲が黄金色のときは昼間に訪れても見応えあります。",大蕨の棚田,"
〒990-0341 山形県山辺町大蕨","
023-667-1106",https://yamanobekanko.com/,"4.1
(64)",Unknown,〒990-0341 山形県山辺町大蕨,38.286312,140.1998801
水野大樹,5,2 年前,"今の時期だけ杭掛けにライトがついています。
周りも街頭が少ないためきれいな風景が広がっています。
稲が黄金色のときは昼間に訪れても見応えあります。",大蕨の棚田,"
〒990-0341 山形県山辺町大蕨","
023-667-1106",https://yamanobekanko.com/,"4.1
(64)",Unknown,〒990-0341 山形県山辺町大蕨,38.286312,140.1998801
good life (ぐっどらいふ),4,6 年前,"日本の原風景◎
のどかな場所です♪
駐車場はありませんので写真を撮る際は気をつけてください。",大蕨の棚田,"
〒990-0341 山形県山辺町大蕨","
023-667-1106",https://yamanobekanko.com/,"4.1
(64)",Unknown,〒990-0341 山形県山辺町大蕨,38.286312,140.1998801
good life (ぐっどらいふ),4,6 年前,"日本の原風景◎
のどかな場所です♪
駐車場はありませんので写真を撮る際は気をつけてください。",大蕨の棚田,"
〒990-0341 山形県山辺町大蕨","
023-667-1106",https://yamanobekanko.com/,"4.1
(64)",Unknown,〒990-0341 山形県山辺町大蕨,38.286312,140.1998801
かもしか,5,1 年前,"山響さんのイベントで今来てます。
どういうところかというと、写真を見たほうが早いと思います。",大蕨の棚田,"
〒990-0341 山形県山辺町大蕨","
023-667-1106",https://yamanobekanko.com/,"4.1
(64)",Unknown,〒990-0341 山形県山辺町大蕨,38.286312,140.1998801
かもしか,5,1 年前,"山響さんのイベントで今来てます。
どういうところかというと、写真を見たほうが早いと思います。",大蕨の棚田,"
〒990-0341 山形県山辺町大蕨","
023-667-1106",https://yamanobekanko.com/,"4.1
(64)",Unknown,〒990-0341 山形県山辺町大蕨,38.286312,140.1998801
横浜ケント,4,2 年前,"2022年10月に訪問。

山形駅から車で約30分。

来年はもう少し早く訪問しようと思います。",大蕨の棚田,"
〒990-0341 山形県山辺町大蕨","
023-667-1106",https://yamanobekanko.com/,"4.1
(64)",Unknown,〒990-0341 山形県山辺町大蕨,38.286312,140.1998801
横浜ケント,4,2 年前,"2022年10月に訪問。

山形駅から車で約30分。

来年はもう少し早く訪問しようと思います。",大蕨の棚田,"
〒990-0341 山形県山辺町大蕨","
023-667-1106",https://yamanobekanko.com/,"4.1
(64)",Unknown,〒990-0341 山形県山辺町大蕨,38.286312,140.1998801
Kaz. Y. (かず),4,6 年前,"体育の日の連休のドライブで
たまたま通った大蕨の棚田。
稲刈りが終わり、
整然と並ぶ稲を見て
思わず下車して写真撮ってみた🤣",大蕨の棚田,"
〒990-0341 山形県山辺町大蕨","
023-667-1106",https://yamanobekanko.com/,"4.1
(64)",Unknown,〒990-0341 山形県山辺町大蕨,38.286312,140.1998801
Kaz. Y. (かず),4,6 年前,"体育の日の連休のドライブで
たまたま通った大蕨の棚田。
稲刈りが終わり、
整然と並ぶ稲を見て
思わず下車して写真撮ってみた🤣",大蕨の棚田,"
〒990-0341 山形県山辺町大蕨","
023-667-1106",https://yamanobekanko.com/,"4.1
(64)",Unknown,〒990-0341 山形県山辺町大蕨,38.286312,140.1998801
kim s,4,2 年前,中々見栄えの良い棚田です。駐車スペースがあるとなお良いと思います。,大蕨の棚田,"
〒990-0341 山形県山辺町大蕨","
023-667-1106",https://yamanobekanko.com/,"4.1
(64)",Unknown,〒990-0341 山形県山辺町大蕨,38.286312,140.1998801
kim s,4,2 年前,中々見栄えの良い棚田です。駐車スペースがあるとなお良いと思います。,大蕨の棚田,"
〒990-0341 山形県山辺町大蕨","
023-667-1106",https://yamanobekanko.com/,"4.1
(64)",Unknown,〒990-0341 山形県山辺町大蕨,38.286312,140.1998801
Tetsuya Nakashima,5,1 年前,ツーリングで地元の方に連れて行ってもらった棚田。ここまでの道のりもバイクで行くには最高,大蕨の棚田,"
〒990-0341 山形県山辺町大蕨","
023-667-1106",https://yamanobekanko.com/,"4.1
(64)",Unknown,〒990-0341 山形県山辺町大蕨,38.286312,140.1998801
Tetsuya Nakashima,5,1 年前,ツーリングで地元の方に連れて行ってもらった棚田。ここまでの道のりもバイクで行くには最高,大蕨の棚田,"
〒990-0341 山形県山辺町大蕨","
023-667-1106",https://yamanobekanko.com/,"4.1
(64)",Unknown,〒990-0341 山形県山辺町大蕨,38.286312,140.1998801
フリッパー777,5,2 年前,日本の棚百選に選ばれている棚田です。所さんの笑ってこらえて 日本列島ダーツの旅でも紹介されています。,大蕨の棚田,"
〒990-0341 山形県山辺町大蕨","
023-667-1106",https://yamanobekanko.com/,"4.1
(64)",Unknown,〒990-0341 山形県山辺町大蕨,38.286312,140.1998801
フリッパー777,5,2 年前,日本の棚百選に選ばれている棚田です。所さんの笑ってこらえて 日本列島ダーツの旅でも紹介されています。,大蕨の棚田,"
〒990-0341 山形県山辺町大蕨","
023-667-1106",https://yamanobekanko.com/,"4.1
(64)",Unknown,〒990-0341 山形県山辺町大蕨,38.286312,140.1998801
groovy‐ yasuzo,5,1 年前,"稲刈りも進み、稲杭が並んでいる風景もとても情緒があり、癒やされました。
穏やかな秋晴れの日に訪れることが出来てラッキーでした。
時間がゆっくり流れているような錯覚を味わえる最高の風景ですよ。",大蕨の棚田,"
〒990-0341 山形県山辺町大蕨","
023-667-1106",https://yamanobekanko.com/,"4.1
(64)",Unknown,〒990-0341 山形県山辺町大蕨,38.286312,140.1998801
groovy‐ yasuzo,5,1 年前,"稲刈りも進み、稲杭が並んでいる風景もとても情緒があり、癒やされました。
穏やかな秋晴れの日に訪れることが出来てラッキーでした。
時間がゆっくり流れているような錯覚を味わえる最高の風景ですよ。",大蕨の棚田,"
〒990-0341 山形県山辺町大蕨","
023-667-1106",https://yamanobekanko.com/,"4.1
(64)",Unknown,〒990-0341 山形県山辺町大蕨,38.286312,140.1998801
一森湧,5,6 か月前,とても良い景色,大蕨の棚田,"
〒990-0341 山形県山辺町大蕨","
023-667-1106",https://yamanobekanko.com/,"4.1
(64)",Unknown,〒990-0341 山形県山辺町大蕨,38.286312,140.1998801
一森湧,5,6 か月前,とても良い景色,大蕨の棚田,"
〒990-0341 山形県山辺町大蕨","
023-667-1106",https://yamanobekanko.com/,"4.1
(64)",Unknown,〒990-0341 山形県山辺町大蕨,38.286312,140.1998801
川口和夫,1,2 年前,"出穂が揃って間もなく開花です。うつくしが最高です。
雪の季節もまた一興",大蕨の棚田,"
〒990-0341 山形県山辺町大蕨","
023-667-1106",https://yamanobekanko.com/,"4.1
(64)",Unknown,〒990-0341 山形県山辺町大蕨,38.286312,140.1998801
川口和夫,1,2 年前,"出穂が揃って間もなく開花です。うつくしが最高です。
雪の季節もまた一興",大蕨の棚田,"
〒990-0341 山形県山辺町大蕨","
023-667-1106",https://yamanobekanko.com/,"4.1
(64)",Unknown,〒990-0341 山形県山辺町大蕨,38.286312,140.1998801
ええっさん,5,6 年前,"りんご温泉に行く途中で見つけました。
蓑笠を被った人の様な…はさ掛けに驚きました。見事な…見応えのある景色に暫く動けなかったです。",大蕨の棚田,"
〒990-0341 山形県山辺町大蕨","
023-667-1106",https://yamanobekanko.com/,"4.1
(64)",Unknown,〒990-0341 山形県山辺町大蕨,38.286312,140.1998801
ええっさん,5,6 年前,"りんご温泉に行く途中で見つけました。
蓑笠を被った人の様な…はさ掛けに驚きました。見事な…見応えのある景色に暫く動けなかったです。",大蕨の棚田,"
〒990-0341 山形県山辺町大蕨","
023-667-1106",https://yamanobekanko.com/,"4.1
(64)",Unknown,〒990-0341 山形県山辺町大蕨,38.286312,140.1998801
久和遠藤,4,3 年前,"稲杭が建ち並ぶ姿は秦始皇帝陵の兵馬のようです。
圧巻の景色。",大蕨の棚田,"
〒990-0341 山形県山辺町大蕨","
023-667-1106",https://yamanobekanko.com/,"4.1
(64)",Unknown,〒990-0341 山形県山辺町大蕨,38.286312,140.1998801
久和遠藤,4,3 年前,"稲杭が建ち並ぶ姿は秦始皇帝陵の兵馬のようです。
圧巻の景色。",大蕨の棚田,"
〒990-0341 山形県山辺町大蕨","
023-667-1106",https://yamanobekanko.com/,"4.1
(64)",Unknown,〒990-0341 山形県山辺町大蕨,38.286312,140.1998801
関谷美紀子,5,3 年前,"とっても素敵な景色です。
秋は大きなトンボが飛び交い子供が夢中になっていました。",大蕨の棚田,"
〒990-0341 山形県山辺町大蕨","
023-667-1106",https://yamanobekanko.com/,"4.1
(64)",Unknown,〒990-0341 山形県山辺町大蕨,38.286312,140.1998801
関谷美紀子,5,3 年前,"とっても素敵な景色です。
秋は大きなトンボが飛び交い子供が夢中になっていました。",大蕨の棚田,"
〒990-0341 山形県山辺町大蕨","
023-667-1106",https://yamanobekanko.com/,"4.1
(64)",Unknown,〒990-0341 山形県山辺町大蕨,38.286312,140.1998801
るみ“フラミンゴ”,3,6 年前,田植えも終わり、緑一色でした。でも今より、稲刈りの時期のほうが、見ごたえあるかな？,大蕨の棚田,"
〒990-0341 山形県山辺町大蕨","
023-667-1106",https://yamanobekanko.com/,"4.1
(64)",Unknown,〒990-0341 山形県山辺町大蕨,38.286312,140.1998801
るみ“フラミンゴ”,3,6 年前,田植えも終わり、緑一色でした。でも今より、稲刈りの時期のほうが、見ごたえあるかな？,大蕨の棚田,"
〒990-0341 山形県山辺町大蕨","
023-667-1106",https://yamanobekanko.com/,"4.1
(64)",Unknown,〒990-0341 山形県山辺町大蕨,38.286312,140.1998801
高橋昌稔,4,6 年前,段々畑となっていく様がわかりやすいです。それとこの先の椹平もあるので比較ができますね,大蕨の棚田,"
〒990-0341 山形県山辺町大蕨","
023-667-1106",https://yamanobekanko.com/,"4.1
(64)",Unknown,〒990-0341 山形県山辺町大蕨,38.286312,140.1998801
高橋昌稔,4,6 年前,段々畑となっていく様がわかりやすいです。それとこの先の椹平もあるので比較ができますね,大蕨の棚田,"
〒990-0341 山形県山辺町大蕨","
023-667-1106",https://yamanobekanko.com/,"4.1
(64)",Unknown,〒990-0341 山形県山辺町大蕨,38.286312,140.1998801
渡邊豊子,4,2 年前,順調に田植えが進んているようです。今はたけのこの無人販売が出てますよ😊 …,大蕨の棚田,"
〒990-0341 山形県山辺町大蕨","
023-667-1106",https://yamanobekanko.com/,"4.1
(64)",Unknown,〒990-0341 山形県山辺町大蕨,38.286312,140.1998801
渡邊豊子,4,2 年前,順調に田植えが進んているようです。今はたけのこの無人販売が出てますよ😊 …,大蕨の棚田,"
〒990-0341 山形県山辺町大蕨","
023-667-1106",https://yamanobekanko.com/,"4.1
(64)",Unknown,〒990-0341 山形県山辺町大蕨,38.286312,140.1998801
Go Z,4,5 か月前,インスタ映えそうです,大蕨の棚田,"
〒990-0341 山形県山辺町大蕨","
023-667-1106",https://yamanobekanko.com/,"4.1
(64)",Unknown,〒990-0341 山形県山辺町大蕨,38.286312,140.1998801
Go Z,4,5 か月前,インスタ映えそうです,大蕨の棚田,"
〒990-0341 山形県山辺町大蕨","
023-667-1106",https://yamanobekanko.com/,"4.1
(64)",Unknown,〒990-0341 山形県山辺町大蕨,38.286312,140.1998801
鈴木,4,5 年前,山形市在住です。家族でよく出かけました。眺めがいいです。,大蕨の棚田,"
〒990-0341 山形県山辺町大蕨","
023-667-1106",https://yamanobekanko.com/,"4.1
(64)",Unknown,〒990-0341 山形県山辺町大蕨,38.286312,140.1998801
鈴木,4,5 年前,山形市在住です。家族でよく出かけました。眺めがいいです。,大蕨の棚田,"
〒990-0341 山形県山辺町大蕨","
023-667-1106",https://yamanobekanko.com/,"4.1
(64)",Unknown,〒990-0341 山形県山辺町大蕨,38.286312,140.1998801
平泉武,5,5 年前,"のんびりして落ち着きます。
草花も綺麗ですね。",大蕨の棚田,"
〒990-0341 山形県山辺町大蕨","
023-667-1106",https://yamanobekanko.com/,"4.1
(64)",Unknown,〒990-0341 山形県山辺町大蕨,38.286312,140.1998801
平泉武,5,5 年前,"のんびりして落ち着きます。
草花も綺麗ですね。",大蕨の棚田,"
〒990-0341 山形県山辺町大蕨","
023-667-1106",https://yamanobekanko.com/,"4.1
(64)",Unknown,〒990-0341 山形県山辺町大蕨,38.286312,140.1998801
ウナコ,5,3 年前,秋の稲刈りまで見守りたい。日本人を感じる風景です。,大蕨の棚田,"
〒990-0341 山形県山辺町大蕨","
023-667-1106",https://yamanobekanko.com/,"4.1
(64)",Unknown,〒990-0341 山形県山辺町大蕨,38.286312,140.1998801
ウナコ,5,3 年前,秋の稲刈りまで見守りたい。日本人を感じる風景です。,大蕨の棚田,"
〒990-0341 山形県山辺町大蕨","
023-667-1106",https://yamanobekanko.com/,"4.1
(64)",Unknown,〒990-0341 山形県山辺町大蕨,38.286312,140.1998801
山田五郎,3,5 年前,とても眺めが良くて、オススメ写真スポットです。,大蕨の棚田,"
〒990-0341 山形県山辺町大蕨","
023-667-1106",https://yamanobekanko.com/,"4.1
(64)",Unknown,〒990-0341 山形県山辺町大蕨,38.286312,140.1998801
山田五郎,3,5 年前,とても眺めが良くて、オススメ写真スポットです。,大蕨の棚田,"
〒990-0341 山形県山辺町大蕨","
023-667-1106",https://yamanobekanko.com/,"4.1
(64)",Unknown,〒990-0341 山形県山辺町大蕨,38.286312,140.1998801
高典登坂,3,1 年前,景観としては棚田です。,大蕨の棚田,"
〒990-0341 山形県山辺町大蕨","
023-667-1106",https://yamanobekanko.com/,"4.1
(64)",Unknown,〒990-0341 山形県山辺町大蕨,38.286312,140.1998801
高典登坂,3,1 年前,景観としては棚田です。,大蕨の棚田,"
〒990-0341 山形県山辺町大蕨","
023-667-1106",https://yamanobekanko.com/,"4.1
(64)",Unknown,〒990-0341 山形県山辺町大蕨,38.286312,140.1998801
kitabayashi yasunori,4,2 年前,ちょうどいい時期に行けました,大蕨の棚田,"
〒990-0341 山形県山辺町大蕨","
023-667-1106",https://yamanobekanko.com/,"4.1
(64)",Unknown,〒990-0341 山形県山辺町大蕨,38.286312,140.1998801
kitabayashi yasunori,4,2 年前,ちょうどいい時期に行けました,大蕨の棚田,"
〒990-0341 山形県山辺町大蕨","
023-667-1106",https://yamanobekanko.com/,"4.1
(64)",Unknown,〒990-0341 山形県山辺町大蕨,38.286312,140.1998801
市川公一,3,3 年前,六右衛門そばは最高でした。,大蕨の棚田,"
〒990-0341 山形県山辺町大蕨","
023-667-1106",https://yamanobekanko.com/,"4.1
(64)",Unknown,〒990-0341 山形県山辺町大蕨,38.286312,140.1998801
市川公一,3,3 年前,六右衛門そばは最高でした。,大蕨の棚田,"
〒990-0341 山形県山辺町大蕨","
023-667-1106",https://yamanobekanko.com/,"4.1
(64)",Unknown,〒990-0341 山形県山辺町大蕨,38.286312,140.1998801
yumi T,5,5 年前,もう一度食べたい❤️,大蕨の棚田,"
〒990-0341 山形県山辺町大蕨","
023-667-1106",https://yamanobekanko.com/,"4.1
(64)",Unknown,〒990-0341 山形県山辺町大蕨,38.286312,140.1998801
yumi T,5,5 年前,もう一度食べたい❤️,大蕨の棚田,"
〒990-0341 山形県山辺町大蕨","
023-667-1106",https://yamanobekanko.com/,"4.1
(64)",Unknown,〒990-0341 山形県山辺町大蕨,38.286312,140.1998801
樋口清一,5,5 年前,素晴らしい景観です😊 …,大蕨の棚田,"
〒990-0341 山形県山辺町大蕨","
023-667-1106",https://yamanobekanko.com/,"4.1
(64)",Unknown,〒990-0341 山形県山辺町大蕨,38.286312,140.1998801
樋口清一,5,5 年前,素晴らしい景観です😊 …,大蕨の棚田,"
〒990-0341 山形県山辺町大蕨","
023-667-1106",https://yamanobekanko.com/,"4.1
(64)",Unknown,〒990-0341 山形県山辺町大蕨,38.286312,140.1998801
鈴木克哉,5,6 年前,新緑の棚田と菜の花がキレイ,大蕨の棚田,"
〒990-0341 山形県山辺町大蕨","
023-667-1106",https://yamanobekanko.com/,"4.1
(64)",Unknown,〒990-0341 山形県山辺町大蕨,38.286312,140.1998801
鈴木克哉,5,6 年前,新緑の棚田と菜の花がキレイ,大蕨の棚田,"
〒990-0341 山形県山辺町大蕨","
023-667-1106",https://yamanobekanko.com/,"4.1
(64)",Unknown,〒990-0341 山形県山辺町大蕨,38.286312,140.1998801
ケロちゃん,4,4 年前,日本を支える力がある。,大蕨の棚田,"
〒990-0341 山形県山辺町大蕨","
023-667-1106",https://yamanobekanko.com/,"4.1
(64)",Unknown,〒990-0341 山形県山辺町大蕨,38.286312,140.1998801
ケロちゃん,4,4 年前,日本を支える力がある。,大蕨の棚田,"
〒990-0341 山形県山辺町大蕨","
023-667-1106",https://yamanobekanko.com/,"4.1
(64)",Unknown,〒990-0341 山形県山辺町大蕨,38.286312,140.1998801
長岡義明,4,2 年前,いい感じ⤴️👍️ …,大蕨の棚田,"
〒990-0341 山形県山辺町大蕨","
023-667-1106",https://yamanobekanko.com/,"4.1
(64)",Unknown,〒990-0341 山形県山辺町大蕨,38.286312,140.1998801
長岡義明,4,2 年前,いい感じ⤴️👍️ …,大蕨の棚田,"
〒990-0341 山形県山辺町大蕨","
023-667-1106",https://yamanobekanko.com/,"4.1
(64)",Unknown,〒990-0341 山形県山辺町大蕨,38.286312,140.1998801
伊藤貴士,4,3 年前,日本の原風景,大蕨の棚田,"
〒990-0341 山形県山辺町大蕨","
023-667-1106",https://yamanobekanko.com/,"4.1
(64)",Unknown,〒990-0341 山形県山辺町大蕨,38.286312,140.1998801
伊藤貴士,4,3 年前,日本の原風景,大蕨の棚田,"
〒990-0341 山形県山辺町大蕨","
023-667-1106",https://yamanobekanko.com/,"4.1
(64)",Unknown,〒990-0341 山形県山辺町大蕨,38.286312,140.1998801
吉田正仁,4,3 年前,      3 年前 +9,大蕨の棚田,"
〒990-0341 山形県山辺町大蕨","
023-667-1106",https://yamanobekanko.com/,"4.1
(64)",Unknown,〒990-0341 山形県山辺町大蕨,38.286312,140.1998801
吉田正仁,4,3 年前,      3 年前 +9,大蕨の棚田,"
〒990-0341 山形県山辺町大蕨","
023-667-1106",https://yamanobekanko.com/,"4.1
(64)",Unknown,〒990-0341 山形県山辺町大蕨,38.286312,140.1998801
はづき,4,3 年前,      3 年前,大蕨の棚田,"
〒990-0341 山形県山辺町大蕨","
023-667-1106",https://yamanobekanko.com/,"4.1
(64)",Unknown,〒990-0341 山形県山辺町大蕨,38.286312,140.1998801
はづき,4,3 年前,      3 年前,大蕨の棚田,"
〒990-0341 山形県山辺町大蕨","
023-667-1106",https://yamanobekanko.com/,"4.1
(64)",Unknown,〒990-0341 山形県山辺町大蕨,38.286312,140.1998801
kohei 1956,3,5 年前,      5 年前 +2,大蕨の棚田,"
〒990-0341 山形県山辺町大蕨","
023-667-1106",https://yamanobekanko.com/,"4.1
(64)",Unknown,〒990-0341 山形県山辺町大蕨,38.286312,140.1998801
kohei 1956,3,5 年前,      5 年前 +2,大蕨の棚田,"
〒990-0341 山形県山辺町大蕨","
023-667-1106",https://yamanobekanko.com/,"4.1
(64)",Unknown,〒990-0341 山形県山辺町大蕨,38.286312,140.1998801
星野伸一,5,1 年前,      1 年前 訪問日 週末 待ち時間 待ち時間なし 予約をおすすめしますか？ いいえ  いいね  共有,大蕨の棚田,"
〒990-0341 山形県山辺町大蕨","
023-667-1106",https://yamanobekanko.com/,"4.1
(64)",Unknown,〒990-0341 山形県山辺町大蕨,38.286312,140.1998801
星野伸一,5,1 年前,      1 年前 訪問日 週末 待ち時間 待ち時間なし 予約をおすすめしますか？ いいえ  いいね  共有,大蕨の棚田,"
〒990-0341 山形県山辺町大蕨","
023-667-1106",https://yamanobekanko.com/,"4.1
(64)",Unknown,〒990-0341 山形県山辺町大蕨,38.286312,140.1998801
堀江弘一（ほりこうどの）,5,1 年前,      1 年前,大蕨の棚田,"
〒990-0341 山形県山辺町大蕨","
023-667-1106",https://yamanobekanko.com/,"4.1
(64)",Unknown,〒990-0341 山形県山辺町大蕨,38.286312,140.1998801
堀江弘一（ほりこうどの）,5,1 年前,      1 年前,大蕨の棚田,"
〒990-0341 山形県山辺町大蕨","
023-667-1106",https://yamanobekanko.com/,"4.1
(64)",Unknown,〒990-0341 山形県山辺町大蕨,38.286312,140.1998801
鈴木紀久雄,3,3 年前,      3 年前,大蕨の棚田,"
〒990-0341 山形県山辺町大蕨","
023-667-1106",https://yamanobekanko.com/,"4.1
(64)",Unknown,〒990-0341 山形県山辺町大蕨,38.286312,140.1998801
鈴木紀久雄,3,3 年前,      3 年前,大蕨の棚田,"
〒990-0341 山形県山辺町大蕨","
023-667-1106",https://yamanobekanko.com/,"4.1
(64)",Unknown,〒990-0341 山形県山辺町大蕨,38.286312,140.1998801
中村政司,5,3 年前,      3 年前,大蕨の棚田,"
〒990-0341 山形県山辺町大蕨","
023-667-1106",https://yamanobekanko.com/,"4.1
(64)",Unknown,〒990-0341 山形県山辺町大蕨,38.286312,140.1998801
中村政司,5,3 年前,      3 年前,大蕨の棚田,"
〒990-0341 山形県山辺町大蕨","
023-667-1106",https://yamanobekanko.com/,"4.1
(64)",Unknown,〒990-0341 山形県山辺町大蕨,38.286312,140.1998801
ひでじい,5,4 年前,      4 年前,大蕨の棚田,"
〒990-0341 山形県山辺町大蕨","
023-667-1106",https://yamanobekanko.com/,"4.1
(64)",Unknown,〒990-0341 山形県山辺町大蕨,38.286312,140.1998801
ひでじい,5,4 年前,      4 年前,大蕨の棚田,"
〒990-0341 山形県山辺町大蕨","
023-667-1106",https://yamanobekanko.com/,"4.1
(64)",Unknown,〒990-0341 山形県山辺町大蕨,38.286312,140.1998801
福岡雪,4,4 年前,      4 年前,大蕨の棚田,"
〒990-0341 山形県山辺町大蕨","
023-667-1106",https://yamanobekanko.com/,"4.1
(64)",Unknown,〒990-0341 山形県山辺町大蕨,38.286312,140.1998801
福岡雪,4,4 年前,      4 年前,大蕨の棚田,"
〒990-0341 山形県山辺町大蕨","
023-667-1106",https://yamanobekanko.com/,"4.1
(64)",Unknown,〒990-0341 山形県山辺町大蕨,38.286312,140.1998801
流石友美,5,4 年前,     4 年前,大蕨の棚田,"
〒990-0341 山形県山辺町大蕨","
023-667-1106",https://yamanobekanko.com/,"4.1
(64)",Unknown,〒990-0341 山形県山辺町大蕨,38.286312,140.1998801
流石友美,5,4 年前,     4 年前,大蕨の棚田,"
〒990-0341 山形県山辺町大蕨","
023-667-1106",https://yamanobekanko.com/,"4.1
(64)",Unknown,〒990-0341 山形県山辺町大蕨,38.286312,140.1998801
KABUエレ,3,5 年前,      5 年前,大蕨の棚田,"
〒990-0341 山形県山辺町大蕨","
023-667-1106",https://yamanobekanko.com/,"4.1
(64)",Unknown,〒990-0341 山形県山辺町大蕨,38.286312,140.1998801
KABUエレ,3,5 年前,      5 年前,大蕨の棚田,"
〒990-0341 山形県山辺町大蕨","
023-667-1106",https://yamanobekanko.com/,"4.1
(64)",Unknown,〒990-0341 山形県山辺町大蕨,38.286312,140.1998801
道民6号丸,4,5 年前,      5 年前,大蕨の棚田,"
〒990-0341 山形県山辺町大蕨","
023-667-1106",https://yamanobekanko.com/,"4.1
(64)",Unknown,〒990-0341 山形県山辺町大蕨,38.286312,140.1998801
道民6号丸,4,5 年前,      5 年前,大蕨の棚田,"
〒990-0341 山形県山辺町大蕨","
023-667-1106",https://yamanobekanko.com/,"4.1
(64)",Unknown,〒990-0341 山形県山辺町大蕨,38.286312,140.1998801
Mitsuhiro Suto,3,5 年前,      5 年前,大蕨の棚田,"
〒990-0341 山形県山辺町大蕨","
023-667-1106",https://yamanobekanko.com/,"4.1
(64)",Unknown,〒990-0341 山形県山辺町大蕨,38.286312,140.1998801
Mitsuhiro Suto,3,5 年前,      5 年前,大蕨の棚田,"
〒990-0341 山形県山辺町大蕨","
023-667-1106",https://yamanobekanko.com/,"4.1
(64)",Unknown,〒990-0341 山形県山辺町大蕨,38.286312,140.1998801
masayoshi shoji,4,5 年前,      5 年前,大蕨の棚田,"
〒990-0341 山形県山辺町大蕨","
023-667-1106",https://yamanobekanko.com/,"4.1
(64)",Unknown,〒990-0341 山形県山辺町大蕨,38.286312,140.1998801
masayoshi shoji,4,5 年前,      5 年前,大蕨の棚田,"
〒990-0341 山形県山辺町大蕨","
023-667-1106",https://yamanobekanko.com/,"4.1
(64)",Unknown,〒990-0341 山形県山辺町大蕨,38.286312,140.1998801
白石雅彦,3,5 年前,     5 年前,大蕨の棚田,"
〒990-0341 山形県山辺町大蕨","
023-667-1106",https://yamanobekanko.com/,"4.1
(64)",Unknown,〒990-0341 山形県山辺町大蕨,38.286312,140.1998801
白石雅彦,3,5 年前,     5 年前,大蕨の棚田,"
〒990-0341 山形県山辺町大蕨","
023-667-1106",https://yamanobekanko.com/,"4.1
(64)",Unknown,〒990-0341 山形県山辺町大蕨,38.286312,140.1998801
tngst,3,5 年前,      5 年前,大蕨の棚田,"
〒990-0341 山形県山辺町大蕨","
023-667-1106",https://yamanobekanko.com/,"4.1
(64)",Unknown,〒990-0341 山形県山辺町大蕨,38.286312,140.1998801
tngst,3,5 年前,      5 年前,大蕨の棚田,"
〒990-0341 山形県山辺町大蕨","
023-667-1106",https://yamanobekanko.com/,"4.1
(64)",Unknown,〒990-0341 山形県山辺町大蕨,38.286312,140.1998801
谷口篤,4,5 年前,      5 年前,大蕨の棚田,"
〒990-0341 山形県山辺町大蕨","
023-667-1106",https://yamanobekanko.com/,"4.1
(64)",Unknown,〒990-0341 山形県山辺町大蕨,38.286312,140.1998801
谷口篤,4,5 年前,      5 年前,大蕨の棚田,"
〒990-0341 山形県山辺町大蕨","
023-667-1106",https://yamanobekanko.com/,"4.1
(64)",Unknown,〒990-0341 山形県山辺町大蕨,38.286312,140.1998801
渡辺孝志,3,5 年前,      5 年前,大蕨の棚田,"
〒990-0341 山形県山辺町大蕨","
023-667-1106",https://yamanobekanko.com/,"4.1
(64)",Unknown,〒990-0341 山形県山辺町大蕨,38.286312,140.1998801
渡辺孝志,3,5 年前,      5 年前,大蕨の棚田,"
〒990-0341 山形県山辺町大蕨","
023-667-1106",https://yamanobekanko.com/,"4.1
(64)",Unknown,〒990-0341 山形県山辺町大蕨,38.286312,140.1998801
阿部晃一,4,5 年前,      5 年前,大蕨の棚田,"
〒990-0341 山形県山辺町大蕨","
023-667-1106",https://yamanobekanko.com/,"4.1
(64)",Unknown,〒990-0341 山形県山辺町大蕨,38.286312,140.1998801
阿部晃一,4,5 年前,      5 年前,大蕨の棚田,"
〒990-0341 山形県山辺町大蕨","
023-667-1106",https://yamanobekanko.com/,"4.1
(64)",Unknown,〒990-0341 山形県山辺町大蕨,38.286312,140.1998801
鈴木英行,4,6 年前,      6 年前,大蕨の棚田,"
〒990-0341 山形県山辺町大蕨","
023-667-1106",https://yamanobekanko.com/,"4.1
(64)",Unknown,〒990-0341 山形県山辺町大蕨,38.286312,140.1998801
鈴木英行,4,6 年前,      6 年前,大蕨の棚田,"
〒990-0341 山形県山辺町大蕨","
023-667-1106",https://yamanobekanko.com/,"4.1
(64)",Unknown,〒990-0341 山形県山辺町大蕨,38.286312,140.1998801
佐藤淳,5,6 年前,      6 年前,大蕨の棚田,"
〒990-0341 山形県山辺町大蕨","
023-667-1106",https://yamanobekanko.com/,"4.1
(64)",Unknown,〒990-0341 山形県山辺町大蕨,38.286312,140.1998801
佐藤淳,5,6 年前,      6 年前,大蕨の棚田,"
〒990-0341 山形県山辺町大蕨","
023-667-1106",https://yamanobekanko.com/,"4.1
(64)",Unknown,〒990-0341 山形県山辺町大蕨,38.286312,140.1998801
林享,4,6 年前,      6 年前,大蕨の棚田,"
〒990-0341 山形県山辺町大蕨","
023-667-1106",https://yamanobekanko.com/,"4.1
(64)",Unknown,〒990-0341 山形県山辺町大蕨,38.286312,140.1998801
林享,4,6 年前,      6 年前,大蕨の棚田,"
〒990-0341 山形県山辺町大蕨","
023-667-1106",https://yamanobekanko.com/,"4.1
(64)",Unknown,〒990-0341 山形県山辺町大蕨,38.286312,140.1998801
奥山美保,5,6 年前,      6 年前,大蕨の棚田,"
〒990-0341 山形県山辺町大蕨","
023-667-1106",https://yamanobekanko.com/,"4.1
(64)",Unknown,〒990-0341 山形県山辺町大蕨,38.286312,140.1998801
奥山美保,5,6 年前,      6 年前,大蕨の棚田,"
〒990-0341 山形県山辺町大蕨","
023-667-1106",https://yamanobekanko.com/,"4.1
(64)",Unknown,〒990-0341 山形県山辺町大蕨,38.286312,140.1998801
流石直人,4,6 年前,      6 年前,大蕨の棚田,"
〒990-0341 山形県山辺町大蕨","
023-667-1106",https://yamanobekanko.com/,"4.1
(64)",Unknown,〒990-0341 山形県山辺町大蕨,38.286312,140.1998801
流石直人,4,6 年前,      6 年前,大蕨の棚田,"
〒990-0341 山形県山辺町大蕨","
023-667-1106",https://yamanobekanko.com/,"4.1
(64)",Unknown,〒990-0341 山形県山辺町大蕨,38.286312,140.1998801
ごんすけ,5,7 年前,      7 年前,大蕨の棚田,"
〒990-0341 山形県山辺町大蕨","
023-667-1106",https://yamanobekanko.com/,"4.1
(64)",Unknown,〒990-0341 山形県山辺町大蕨,38.286312,140.1998801
ごんすけ,5,7 年前,      7 年前,大蕨の棚田,"
〒990-0341 山形県山辺町大蕨","
023-667-1106",https://yamanobekanko.com/,"4.1
(64)",Unknown,〒990-0341 山形県山辺町大蕨,38.286312,140.1998801
